18	657315.3	100.00	230	0	0	1	230	370	599	3e-118	 425
18	657315.3	100.00	180	0	0	231	410	718	897	2e-90	 333
37	484018.6	98.33	240	4	0	1	240	367	606	4e-117	 422
37	484018.6	98.90	181	2	0	230	410	729	909	1e-87	 324
72	1235835.3	25.00	208	151	5	3	208	136	340	1e-62	 241
72	1235835.3	26.09	184	128	7	231	410	479	658	2e-40	 167
74	742823.3	100.00	230	0	0	1	230	319	548	3e-118	 425
74	742823.3	99.46	184	1	0	227	410	685	868	1e-92	 340
109	1414720.3	25.22	230	172	0	1	230	357	586	3e-118	 425
109	1414720.3	17.78	180	148	0	231	410	703	882	2e-90	 333
112	1156417.3	90.64	235	18	4	1	234	363	594	3e-83	 309
112	1156417.3	94.34	106	6	0	229	334	708	813	2e-39	 163
150	180332.3	0.00	227	227	0	1	227	366	592	6e-115	 414
221	717962.3	99.16	238	0	2	1	237	336	572	8e-119	 427
221	717962.3	98.90	182	0	2	231	410	683	864	1e-87	 324
243	1297617.3	91.85	233	15	4	1	231	374	604	4e-87	 322
243	1297617.3	96.15	182	5	2	230	410	722	902	2e-79	 296
253	1367212.3	97.24	181	5	0	230	410	229	409	1e-82	 307
253	1367212.3	96.55	87	1	2	125	210	5	90	3e-33	 143
310	29354.3	23.35	227	174	0	1	227	361	587	3e-108	 392
310	29354.3	19.89	181	142	3	231	410	707	885	3e-63	 243
331	1469948.3	97.90	238	4	1	1	238	435	671	8e-114	 411
331	1469948.3	91.85	184	8	6	231	410	781	961	2e-65	 250
359	1313290.3	28.82	229	154	9	4	228	368	591	3e-68	 259
359	1313290.3	22.95	183	129	12	229	404	724	901	9e-39	 161
401	742726.3	92.61	230	10	7	1	227	358	583	1e-87	 324
401	742726.3	87.88	165	10	6	249	410	743	900	5e-46	 185
405	557855.3	95.30	234	5	5	1	231	350	580	2e-100	 366
405	557855.3	88.89	135	7	7	227	357	716	846	3e-38	 159
474	1165092.3	98.68	228	3	0	1	228	354	581	4e-112	 405
474	1165092.3	95.03	181	7	2	231	410	700	879	2e-75	 283
557	525362.3	100.00	230	0	0	1	230	381	610	3e-118	 425
557	525362.3	100.00	180	0	0	231	410	753	932	2e-90	 333
632	1000569.4	94.42	233	7	6	1	230	380	609	1e-96	 353
632	1000569.4	92.22	180	14	0	231	410	752	931	4e-67	 255
